TS	Dev	CntTcpDLpckSz	CntTcpULpckSz	CntTcpPckSz	CntUdpDLpckSz	CntUdpULpckSz	CntUdpPckSz	CntTotDLpcks	CntTotULpcks	CntTotPcks	TcpPorts	UdpPorts	RemoteTcpPorts	RemoteUdpPorts	RemoteIPs
1629804926.687773	4C:ED:FB:2C:92:3D	1	2	3	0	1	1	1	3	4	1	1	1	1	2
1629804926.687773	E4:5F:01:05:93:CB	2	1	3	0	0	0	2	1	3	1	0	1	0	1
1629804927.687773	4C:ED:FB:2C:92:3D	1	1	2	0	2	2	1	3	4	1	2	1	2	3
1629804927.687773	E4:5F:01:05:93:CB	1	1	2	0	0	0	1	1	2	1	0	1	0	1
1629804928.687773	4C:ED:FB:2C:92:3D	1	1	2	0	2	2	1	3	4	1	2	1	2	3
1629804928.687773	E4:5F:01:05:93:CB	1	1	2	0	0	0	1	1	2	1	0	1	0	1
1629804929.687773	E4:5F:01:05:93:CB	1	1	2	0	0	0	1	1	2	1	0	1	0	1
1629804929.687773	4C:ED:FB:2C:92:3D	1	1	2	0	1	1	1	2	3	1	1	1	1	2
1629804930.687773	4C:ED:FB:2C:92:3D	8	8	16	0	0	0	8	8	16	2	0	1	0	1
1629804930.687773	E4:5F:01:05:93:CB	8	8	16	0	0	0	8	8	16	1	0	2	0	1
1629804931.687773	E4:5F:01:05:93:CB	2	2	4	0	0	0	2	2	4	1	0	2	0	1
1629804931.687773	4C:ED:FB:2C:92:3D	2	2	4	0	2	2	2	4	6	2	1	1	1	3
1629804932.687773	E4:5F:01:05:93:CB	2	2	4	0	0	0	2	2	4	1	0	2	0	1
1629804932.687773	4C:ED:FB:2C:92:3D	2	2	4	0	0	0	2	2	4	2	0	1	0	1
1629804933.687773	4C:ED:FB:2C:92:3D	2	2	4	0	1	1	2	3	5	2	1	1	1	2
1629804933.687773	E4:5F:01:05:93:CB	2	2	4	0	0	0	2	2	4	1	0	2	0	1
1629804934.687773	4C:ED:FB:2C:92:3D	2	2	4	0	2	2	2	4	6	2	2	1	2	3
1629804934.687773	E4:5F:01:05:93:CB	2	2	4	0	0	0	2	2	4	1	0	2	0	1
1629804935.687773	4C:ED:FB:2C:92:3D	2	2	4	0	4	4	2	6	8	2	3	1	2	4
1629804935.687773	E4:5F:01:05:93:CB	2	2	4	0	0	0	2	2	4	1	0	2	0	1
1629804936.687773	4C:ED:FB:2C:92:3D	2	2	4	0	1	1	2	3	5	2	1	1	1	2
1629804936.687773	E4:5F:01:05:93:CB	2	2	4	0	0	0	2	2	4	1	0	2	0	1
1629804937.687773	E4:5F:01:05:93:CB	1	1	2	0	0	0	1	1	2	1	0	1	0	1
1629804937.687773	4C:ED:FB:2C:92:3D	1	1	2	0	3	3	1	4	5	1	2	1	2	4
1629804938.687773	4C:ED:FB:2C:92:3D	2	2	4	0	0	0	2	2	4	2	0	1	0	1
1629804938.687773	E4:5F:01:05:93:CB	2	2	4	0	0	0	2	2	4	1	0	2	0	1
1629804939.687773	E4:5F:01:05:93:CB	1	1	2	0	0	0	1	1	2	1	0	1	0	1
1629804939.687773	4C:ED:FB:2C:92:3D	1	1	2	0	1	1	1	2	3	1	1	1	1	2
1629804940.687773	E4:5F:01:05:93:CB	2	2	4	0	0	0	2	2	4	1	0	2	0	1
1629804940.687773	4C:ED:FB:2C:92:3D	2	2	4	0	1	1	2	3	5	2	1	1	1	2
1629804941.687773	E4:5F:01:05:93:CB	2	2	4	0	0	0	2	2	4	1	0	2	0	1
1629804941.687773	4C:ED:FB:2C:92:3D	2	2	4	0	3	3	2	5	7	2	2	1	1	3
1629804942.687773	4C:ED:FB:2C:92:3D	2	2	4	0	0	0	2	2	4	2	0	1	0	1
1629804942.687773	E4:5F:01:05:93:CB	2	2	4	0	0	0	2	2	4	1	0	2	0	1
1629804943.687773	E4:5F:01:05:93:CB	2	2	4	0	0	0	2	2	4	1	0	2	0	1
1629804943.687773	4C:ED:FB:2C:92:3D	2	2	4	0	2	2	2	4	6	2	1	1	1	3
1629804944.687773	E4:5F:01:05:93:CB	2	2	4	0	0	0	2	2	4	1	0	2	0	1
1629804944.687773	4C:ED:FB:2C:92:3D	2	2	4	0	0	0	2	2	4	2	0	1	0	1
1629804945.687773	E4:5F:01:05:93:CB	2	2	4	0	0	0	2	2	4	1	0	2	0	1
1629804945.687773	4C:ED:FB:2C:92:3D	2	2	4	0	0	0	2	2	4	2	0	1	0	1
1629804946.687773	4C:ED:FB:2C:92:3D	2	2	4	0	0	0	2	2	4	2	0	1	0	1
1629804946.687773	E4:5F:01:05:93:CB	2	2	4	0	0	0	2	2	4	1	0	2	0	1
1629804947.687773	E4:5F:01:05:93:CB	2	2	4	0	0	0	2	2	4	1	0	2	0	1
1629804947.687773	4C:ED:FB:2C:92:3D	2	2	4	0	2	2	2	4	6	2	1	1	1	3
1629804948.687773	E4:5F:01:05:93:CB	2	2	4	0	0	0	2	2	4	1	0	2	0	1
1629804948.687773	4C:ED:FB:2C:92:3D	2	2	4	0	0	0	2	2	4	2	0	1	0	1
1629804949.687773	E4:5F:01:05:93:CB	2	2	4	0	0	0	2	2	4	1	0	2	0	1
1629804949.687773	4C:ED:FB:2C:92:3D	2	2	4	0	0	0	2	2	4	2	0	1	0	1
1629804950.687773	4C:ED:FB:2C:92:3D	4	3	7	0	0	0	4	3	7	2	0	1	0	1
1629804950.687773	E4:5F:01:05:93:CB	3	4	7	0	0	0	3	4	7	1	0	2	0	1
1629804951.687773	4C:ED:FB:2C:92:3D	1	2	3	0	0	0	1	2	3	2	0	2	0	2
1629804951.687773	E4:5F:01:05:93:CB	1	1	2	0	0	0	1	1	2	1	0	1	0	1
1629804952.687773	E4:5F:01:05:93:CB	1	1	2	0	0	0	1	1	2	1	0	1	0	1
1629804952.687773	4C:ED:FB:2C:92:3D	1	2	3	0	0	0	1	2	3	2	0	2	0	2
1629804953.687773	4C:ED:FB:2C:92:3D	1	1	2	0	0	0	1	1	2	1	0	1	0	1
1629804953.687773	E4:5F:01:05:93:CB	1	1	2	0	0	0	1	1	2	1	0	1	0	1
1629804954.687773	E4:5F:01:05:93:CB	1	1	2	0	0	0	1	1	2	1	0	1	0	1
1629804954.687773	4C:ED:FB:2C:92:3D	1	2	3	0	0	0	1	2	3	2	0	2	0	2
1629804955.687773	E4:5F:01:05:93:CB	1	1	2	0	0	0	1	1	2	1	0	1	0	1
1629804955.687773	4C:ED:FB:2C:92:3D	1	1	2	0	0	0	1	1	2	1	0	1	0	1
1629804956.687773	4C:ED:FB:2C:92:3D	1	1	2	0	0	0	1	1	2	1	0	1	0	1
1629804956.687773	E4:5F:01:05:93:CB	1	1	2	0	0	0	1	1	2	1	0	1	0	1
1629804957.687773	4C:ED:FB:2C:92:3D	1	1	2	0	2	2	1	3	4	1	1	1	1	2
1629804957.687773	E4:5F:01:05:93:CB	1	1	2	0	0	0	1	1	2	1	0	1	0	1
1629804958.687773	E4:5F:01:05:93:CB	1	1	2	0	0	0	1	1	2	1	0	1	0	1
1629804958.687773	4C:ED:FB:2C:92:3D	1	2	3	0	2	2	1	4	5	2	1	2	1	3
1629804959.687773	E4:5F:01:05:93:CB	1	1	2	0	0	0	1	1	2	1	0	1	0	1
1629804959.687773	4C:ED:FB:2C:92:3D	1	1	2	0	0	0	1	1	2	1	0	1	0	1
1629804960.687773	4C:ED:FB:2C:92:3D	1	1	2	0	2	2	1	3	4	1	1	1	1	2
1629804961.687773	4C:ED:FB:2C:92:3D	0	1	1	0	0	0	0	1	1	1	0	1	0	1
1629804962.687773	4C:ED:FB:2C:92:3D	0	1	1	0	0	0	0	1	1	1	0	1	0	1
1629804964.687773	4C:ED:FB:2C:92:3D	0	1	1	0	9	9	0	10	10	1	3	1	3	4
1629804965.687773	4C:ED:FB:2C:92:3D	0	0	0	0	4	4	0	4	4	0	2	0	2	2
1629804966.687773	4C:ED:FB:2C:92:3D	0	1	1	0	0	0	0	1	1	1	0	1	0	1
1629804968.687773	4C:ED:FB:2C:92:3D	0	1	1	0	0	0	0	1	1	1	0	1	0	1
1629804972.687773	4C:ED:FB:2C:92:3D	0	0	0	0	1	1	0	1	1	0	1	0	1	1
1629804973.687773	4C:ED:FB:2C:92:3D	0	0	0	0	1	1	0	1	1	0	1	0	1	1
1629804975.687773	4C:ED:FB:2C:92:3D	0	0	0	0	1	1	0	1	1	0	1	0	1	1
1629804976.687773	4C:ED:FB:2C:92:3D	0	1	1	0	0	0	0	1	1	1	0	1	0	1
1629804979.687773	4C:ED:FB:2C:92:3D	0	0	0	0	1	1	0	1	1	0	1	0	1	1
1629804987.687773	4C:ED:FB:2C:92:3D	0	0	0	0	1	1	0	1	1	0	1	0	1	1
1629804989.687773	4C:ED:FB:2C:92:3D	0	0	0	0	1	1	0	1	1	0	1	0	1	1
1629804990.687773	4C:ED:FB:2C:92:3D	0	0	0	0	1	1	0	1	1	0	1	0	1	1
1629804991.687773	4C:ED:FB:2C:92:3D	0	0	0	0	2	2	0	2	2	0	2	0	2	2
1629804992.687773	4C:ED:FB:2C:92:3D	0	0	0	0	1	1	0	1	1	0	1	0	1	1
1629804960.687773	E4:5F:01:05:93:CB	1	1	2	0	0	0	1	1	2	1	0	1	0	1
1629804995.687773	4C:ED:FB:2C:92:3D	1	1	2	0	0	0	1	1	2	1	0	1	0	1
1629804995.687773	E4:5F:01:05:93:CB	1	1	2	0	0	0	1	1	2	1	0	1	0	1
1629804998.687773	E4:5F:01:05:93:CB	9	8	17	0	0	0	9	8	17	1	0	3	0	1
1629804998.687773	4C:ED:FB:2C:92:3D	8	9	17	0	1	1	8	10	18	3	1	1	1	2
1629804999.687773	E4:5F:01:05:93:CB	4	4	8	0	0	0	4	4	8	1	0	2	0	1
1629804999.687773	4C:ED:FB:2C:92:3D	4	4	8	0	0	0	4	4	8	2	0	1	0	1
1629805000.687773	E4:5F:01:05:93:CB	2	2	4	0	0	0	2	2	4	1	0	2	0	1
1629805000.687773	4C:ED:FB:2C:92:3D	2	2	4	0	0	0	2	2	4	2	0	1	0	1
1629805001.687773	E4:5F:01:05:93:CB	2	2	4	0	0	0	2	2	4	1	0	2	0	1
1629805001.687773	4C:ED:FB:2C:92:3D	2	2	4	0	0	0	2	2	4	2	0	1	0	1
1629805002.687773	E4:5F:01:05:93:CB	2	2	4	0	0	0	2	2	4	1	0	2	0	1
1629805002.687773	4C:ED:FB:2C:92:3D	2	2	4	0	0	0	2	2	4	2	0	1	0	1
1629805003.687773	E4:5F:01:05:93:CB	2	2	4	0	0	0	2	2	4	1	0	2	0	1
1629805003.687773	4C:ED:FB:2C:92:3D	2	2	4	0	0	0	2	2	4	2	0	1	0	1
1629805004.687773	E4:5F:01:05:93:CB	2	2	4	0	0	0	2	2	4	1	0	2	0	1
1629805004.687773	4C:ED:FB:2C:92:3D	2	2	4	0	0	0	2	2	4	2	0	1	0	1
1629805005.687773	E4:5F:01:05:93:CB	2	2	4	0	0	0	2	2	4	1	0	2	0	1
1629805005.687773	4C:ED:FB:2C:92:3D	2	2	4	0	0	0	2	2	4	2	0	1	0	1
1629805006.687773	E4:5F:01:05:93:CB	2	2	4	0	0	0	2	2	4	1	0	2	0	1
1629805006.687773	4C:ED:FB:2C:92:3D	2	2	4	0	0	0	2	2	4	2	0	1	0	1
1629805007.687773	E4:5F:01:05:93:CB	2	2	4	0	0	0	2	2	4	1	0	2	0	1
1629805007.687773	4C:ED:FB:2C:92:3D	2	2	4	0	0	0	2	2	4	2	0	1	0	1
1629805008.687773	E4:5F:01:05:93:CB	2	2	4	0	0	0	2	2	4	1	0	2	0	1
1629805008.687773	4C:ED:FB:2C:92:3D	2	2	4	0	0	0	2	2	4	2	0	1	0	1
1629805009.687773	E4:5F:01:05:93:CB	2	2	4	0	0	0	2	2	4	1	0	2	0	1
1629805009.687773	4C:ED:FB:2C:92:3D	2	2	4	0	0	0	2	2	4	2	0	1	0	1
1629805010.687773	E4:5F:01:05:93:CB	2	2	4	0	0	0	2	2	4	1	0	2	0	1
1629805010.687773	4C:ED:FB:2C:92:3D	2	2	4	0	0	0	2	2	4	2	0	1	0	1
1629805011.687773	E4:5F:01:05:93:CB	2	2	4	0	0	0	2	2	4	1	0	2	0	1
1629805011.687773	4C:ED:FB:2C:92:3D	2	2	4	0	0	0	2	2	4	2	0	1	0	1
1629805012.687773	E4:5F:01:05:93:CB	2	2	4	0	0	0	2	2	4	1	0	2	0	1
1629805012.687773	4C:ED:FB:2C:92:3D	2	2	4	0	0	0	2	2	4	2	0	1	0	1
1629805013.687773	E4:5F:01:05:93:CB	2	2	4	0	0	0	2	2	4	1	0	2	0	1
1629805013.687773	4C:ED:FB:2C:92:3D	2	2	4	0	0	0	2	2	4	2	0	1	0	1
1629805014.687773	E4:5F:01:05:93:CB	2	2	4	0	0	0	2	2	4	1	0	2	0	1
1629805014.687773	4C:ED:FB:2C:92:3D	2	2	4	0	0	0	2	2	4	2	0	1	0	1
1629805015.687773	E4:5F:01:05:93:CB	2	2	4	0	0	0	2	2	4	1	0	2	0	1
1629805015.687773	4C:ED:FB:2C:92:3D	2	2	4	0	0	0	2	2	4	2	0	1	0	1
1629805016.687773	E4:5F:01:05:93:CB	2	2	4	0	0	0	2	2	4	1	0	2	0	1
1629805016.687773	4C:ED:FB:2C:92:3D	2	2	4	0	0	0	2	2	4	2	0	1	0	1
1629805017.687773	E4:5F:01:05:93:CB	2	2	4	0	0	0	2	2	4	1	0	2	0	1
1629805017.687773	4C:ED:FB:2C:92:3D	2	2	4	0	0	0	2	2	4	2	0	1	0	1
1629805018.687773	E4:5F:01:05:93:CB	2	2	4	0	0	0	2	2	4	1	0	2	0	1
1629805018.687773	4C:ED:FB:2C:92:3D	2	2	4	0	0	0	2	2	4	2	0	1	0	1
1629805019.687773	4C:ED:FB:2C:92:3D	4	2	6	0	0	0	4	2	6	2	0	1	0	1
1629805032.687773	4C:ED:FB:2C:92:3D	0	0	0	0	1	1	0	1	1	0	1	0	1	1
1629805033.687773	4C:ED:FB:2C:92:3D	0	0	0	0	1	1	0	1	1	0	1	0	1	1
1629805034.687773	4C:ED:FB:2C:92:3D	0	0	0	0	1	1	0	1	1	0	1	0	1	1
1629805036.687773	4C:ED:FB:2C:92:3D	0	0	0	0	2	2	0	2	2	0	1	0	1	2
1629805019.687773	E4:5F:01:05:93:CB	2	4	6	0	0	0	2	4	6	1	0	2	0	1
1629805039.687773	4C:ED:FB:2C:92:3D	2	4	6	0	0	0	2	4	6	2	0	1	0	1
1629805040.687773	4C:ED:FB:2C:92:3D	0	0	0	0	2	2	0	2	2	0	1	0	1	2
1629805039.687773	E4:5F:01:05:93:CB	4	2	6	0	0	0	4	2	6	1	0	2	0	1
1629805048.687773	E4:5F:01:05:93:CB	12	11	23	0	0	0	12	11	23	1	0	2	0	1
1629805048.687773	4C:ED:FB:2C:92:3D	11	12	23	0	0	0	11	12	23	2	0	1	0	1
1629805049.687773	E4:5F:01:05:93:CB	2	2	4	0	0	0	2	2	4	1	0	2	0	1
1629805049.687773	4C:ED:FB:2C:92:3D	2	2	4	0	0	0	2	2	4	2	0	1	0	1
1629805050.687773	E4:5F:01:05:93:CB	2	2	4	0	0	0	2	2	4	1	0	2	0	1
1629805050.687773	4C:ED:FB:2C:92:3D	2	2	4	0	0	0	2	2	4	2	0	1	0	1
1629805051.687773	E4:5F:01:05:93:CB	2	2	4	0	0	0	2	2	4	1	0	2	0	1
1629805051.687773	4C:ED:FB:2C:92:3D	2	2	4	0	0	0	2	2	4	2	0	1	0	1
1629805052.687773	E4:5F:01:05:93:CB	2	2	4	0	0	0	2	2	4	1	0	2	0	1
1629805052.687773	4C:ED:FB:2C:92:3D	2	2	4	0	0	0	2	2	4	2	0	1	0	1
1629805053.687773	E4:5F:01:05:93:CB	2	2	4	0	0	0	2	2	4	1	0	2	0	1
1629805053.687773	4C:ED:FB:2C:92:3D	2	2	4	0	0	0	2	2	4	2	0	1	0	1
1629805054.687773	E4:5F:01:05:93:CB	2	2	4	0	0	0	2	2	4	1	0	2	0	1
1629805054.687773	4C:ED:FB:2C:92:3D	2	2	4	0	0	0	2	2	4	2	0	1	0	1
1629805055.687773	E4:5F:01:05:93:CB	2	2	4	0	0	0	2	2	4	1	0	2	0	1
1629805055.687773	4C:ED:FB:2C:92:3D	2	2	4	0	0	0	2	2	4	2	0	1	0	1
1629805056.687773	E4:5F:01:05:93:CB	2	2	4	0	0	0	2	2	4	1	0	2	0	1
1629805056.687773	4C:ED:FB:2C:92:3D	2	2	4	0	0	0	2	2	4	2	0	1	0	1
1629805057.687773	E4:5F:01:05:93:CB	2	2	4	0	0	0	2	2	4	1	0	2	0	1
1629805057.687773	4C:ED:FB:2C:92:3D	2	2	4	0	0	0	2	2	4	2	0	1	0	1
1629805058.687773	E4:5F:01:05:93:CB	2	2	4	0	0	0	2	2	4	1	0	2	0	1
1629805058.687773	4C:ED:FB:2C:92:3D	2	2	4	0	0	0	2	2	4	2	0	1	0	1
1629805059.687773	E4:5F:01:05:93:CB	2	2	4	0	0	0	2	2	4	1	0	2	0	1
1629805059.687773	4C:ED:FB:2C:92:3D	2	2	4	0	0	0	2	2	4	2	0	1	0	1
1629805060.687773	E4:5F:01:05:93:CB	2	2	4	0	0	0	2	2	4	1	0	2	0	1
1629805060.687773	4C:ED:FB:2C:92:3D	2	2	4	0	0	0	2	2	4	2	0	1	0	1
1629805062.687773	E4:5F:01:05:93:CB	2	2	4	0	0	0	2	2	4	1	0	2	0	1
1629805062.687773	4C:ED:FB:2C:92:3D	2	2	4	0	0	0	2	2	4	2	0	1	0	1
1629805063.687773	E4:5F:01:05:93:CB	2	2	4	0	0	0	2	2	4	1	0	2	0	1
1629805063.687773	4C:ED:FB:2C:92:3D	2	2	4	0	0	0	2	2	4	2	0	1	0	1
1629805064.687773	E4:5F:01:05:93:CB	2	2	4	0	0	0	2	2	4	1	0	2	0	1
1629805064.687773	4C:ED:FB:2C:92:3D	2	2	4	0	0	0	2	2	4	2	0	1	0	1
1629805065.687773	E4:5F:01:05:93:CB	2	2	4	0	0	0	2	2	4	1	0	2	0	1
1629805065.687773	4C:ED:FB:2C:92:3D	2	2	4	0	0	0	2	2	4	2	0	1	0	1
1629805066.687773	E4:5F:01:05:93:CB	3	3	6	0	0	0	3	3	6	1	0	2	0	1
1629805066.687773	4C:ED:FB:2C:92:3D	3	3	6	0	0	0	3	3	6	2	0	1	0	1
1629805067.687773	E4:5F:01:05:93:CB	7	8	15	0	0	0	7	8	15	1	0	2	0	1
1629805067.687773	4C:ED:FB:2C:92:3D	8	7	15	0	0	0	8	7	15	2	0	1	0	1
1629805068.687773	E4:5F:01:05:93:CB	2	2	4	0	0	0	2	2	4	1	0	2	0	1
1629805068.687773	4C:ED:FB:2C:92:3D	2	2	4	0	0	0	2	2	4	2	0	1	0	1
1629805069.687773	E4:5F:01:05:93:CB	2	2	4	0	0	0	2	2	4	1	0	2	0	1
1629805069.687773	4C:ED:FB:2C:92:3D	2	2	4	0	0	0	2	2	4	2	0	1	0	1
1629805070.687773	E4:5F:01:05:93:CB	2	2	4	0	0	0	2	2	4	1	0	2	0	1
1629805070.687773	4C:ED:FB:2C:92:3D	2	2	4	0	0	0	2	2	4	2	0	1	0	1
1629805071.687773	E4:5F:01:05:93:CB	2	2	4	0	0	0	2	2	4	1	0	2	0	1
1629805071.687773	4C:ED:FB:2C:92:3D	2	2	4	0	0	0	2	2	4	2	0	1	0	1
1629805072.687773	E4:5F:01:05:93:CB	2	2	4	0	0	0	2	2	4	1	0	2	0	1
1629805072.687773	4C:ED:FB:2C:92:3D	2	2	4	0	0	0	2	2	4	2	0	1	0	1
1629805073.687773	E4:5F:01:05:93:CB	2	2	4	0	0	0	2	2	4	1	0	2	0	1
1629805073.687773	4C:ED:FB:2C:92:3D	2	2	4	0	0	0	2	2	4	2	0	1	0	1
1629805074.687773	E4:5F:01:05:93:CB	2	2	4	0	0	0	2	2	4	1	0	2	0	1
1629805074.687773	4C:ED:FB:2C:92:3D	2	2	4	0	0	0	2	2	4	2	0	1	0	1
1629805075.687773	E4:5F:01:05:93:CB	2	2	4	0	0	0	2	2	4	1	0	2	0	1
1629805075.687773	4C:ED:FB:2C:92:3D	2	2	4	0	0	0	2	2	4	2	0	1	0	1
1629805076.687773	E4:5F:01:05:93:CB	2	2	4	0	0	0	2	2	4	1	0	2	0	1
1629805076.687773	4C:ED:FB:2C:92:3D	2	2	4	0	0	0	2	2	4	2	0	1	0	1
1629805077.687773	E4:5F:01:05:93:CB	2	2	4	0	0	0	2	2	4	1	0	2	0	1
1629805077.687773	4C:ED:FB:2C:92:3D	2	2	4	0	0	0	2	2	4	2	0	1	0	1
1629805078.687773	E4:5F:01:05:93:CB	2	2	4	0	0	0	2	2	4	1	0	2	0	1
1629805078.687773	4C:ED:FB:2C:92:3D	2	2	4	0	0	0	2	2	4	2	0	1	0	1
1629805079.687773	E4:5F:01:05:93:CB	2	2	4	0	0	0	2	2	4	1	0	2	0	1
1629805079.687773	4C:ED:FB:2C:92:3D	2	2	4	0	0	0	2	2	4	2	0	1	0	1
1629805080.687773	E4:5F:01:05:93:CB	2	2	4	0	0	0	2	2	4	1	0	2	0	1
1629805080.687773	4C:ED:FB:2C:92:3D	2	2	4	0	0	0	2	2	4	2	0	1	0	1
1629805081.687773	E4:5F:01:05:93:CB	2	2	4	0	0	0	2	2	4	1	0	2	0	1
1629805081.687773	4C:ED:FB:2C:92:3D	2	2	4	0	0	0	2	2	4	2	0	1	0	1
1629805082.687773	E4:5F:01:05:93:CB	2	2	4	0	0	0	2	2	4	1	0	2	0	1
1629805082.687773	4C:ED:FB:2C:92:3D	2	2	4	0	0	0	2	2	4	2	0	1	0	1
1629805083.687773	E4:5F:01:05:93:CB	2	2	4	0	0	0	2	2	4	1	0	2	0	1
1629805083.687773	4C:ED:FB:2C:92:3D	2	2	4	0	0	0	2	2	4	2	0	1	0	1
1629805084.687773	E4:5F:01:05:93:CB	2	2	4	0	0	0	2	2	4	1	0	2	0	1
1629805084.687773	4C:ED:FB:2C:92:3D	2	2	4	0	0	0	2	2	4	2	0	1	0	1
1629805085.687773	E4:5F:01:05:93:CB	2	2	4	0	0	0	2	2	4	1	0	2	0	1
1629805085.687773	4C:ED:FB:2C:92:3D	2	2	4	0	0	0	2	2	4	2	0	1	0	1
1629805086.687773	E4:5F:01:05:93:CB	2	2	4	0	0	0	2	2	4	1	0	2	0	1
1629805086.687773	4C:ED:FB:2C:92:3D	2	2	4	0	0	0	2	2	4	2	0	1	0	1
1629805087.687773	4C:ED:FB:2C:92:3D	4	2	6	0	0	0	4	2	6	2	0	1	0	1
1629805109.687773	4C:ED:FB:2C:92:3D	0	0	0	0	1	1	0	1	1	0	1	0	1	1
1629805110.687773	4C:ED:FB:2C:92:3D	0	0	0	0	1	1	0	1	1	0	1	0	1	1
1629805111.687773	4C:ED:FB:2C:92:3D	0	0	0	0	1	1	0	1	1	0	1	0	1	1
1629805112.687773	4C:ED:FB:2C:92:3D	0	0	0	0	1	1	0	1	1	0	1	0	1	1
1629805121.687773	4C:ED:FB:2C:92:3D	0	0	0	0	6	6	0	6	6	0	4	0	4	4
1629805122.687773	4C:ED:FB:2C:92:3D	0	0	0	0	6	6	0	6	6	0	4	0	4	4
1629805123.687773	4C:ED:FB:2C:92:3D	0	0	0	0	2	2	0	2	2	0	2	0	2	2
1629805125.687773	4C:ED:FB:2C:92:3D	0	0	0	0	2	2	0	2	2	0	1	0	1	2
1629805129.687773	4C:ED:FB:2C:92:3D	0	0	0	0	2	2	0	2	2	0	1	0	1	2
1629805087.687773	E4:5F:01:05:93:CB	2	4	6	0	0	0	2	4	6	1	0	2	0	1
1629805132.687773	4C:ED:FB:2C:92:3D	2	2	4	0	0	0	2	2	4	2	0	1	0	1
1629805133.687773	4C:ED:FB:2C:92:3D	0	0	0	0	1	1	0	1	1	0	1	0	1	1
1629805134.687773	4C:ED:FB:2C:92:3D	0	0	0	0	1	1	0	1	1	0	1	0	1	1
1629805135.687773	4C:ED:FB:2C:92:3D	0	0	0	0	1	1	0	1	1	0	1	0	1	1
1629805137.687773	4C:ED:FB:2C:92:3D	0	0	0	0	2	2	0	2	2	0	1	0	1	2
1629805141.687773	4C:ED:FB:2C:92:3D	0	0	0	0	2	2	0	2	2	0	1	0	1	2
1629805145.687773	4C:ED:FB:2C:92:3D	0	0	0	0	1	1	0	1	1	0	1	0	1	1
1629805146.687773	4C:ED:FB:2C:92:3D	0	0	0	0	1	1	0	1	1	0	1	0	1	1
1629805147.687773	4C:ED:FB:2C:92:3D	0	0	0	0	1	1	0	1	1	0	1	0	1	1
1629805149.687773	4C:ED:FB:2C:92:3D	0	0	0	0	2	2	0	2	2	0	1	0	1	2
1629805153.687773	4C:ED:FB:2C:92:3D	0	0	0	0	2	2	0	2	2	0	1	0	1	2
1629805196.687773	4C:ED:FB:2C:92:3D	0	0	0	0	1	1	0	1	1	0	1	0	1	1
1629805197.687773	4C:ED:FB:2C:92:3D	0	0	0	0	1	1	0	1	1	0	1	0	1	1
1629805198.687773	4C:ED:FB:2C:92:3D	0	0	0	0	1	1	0	1	1	0	1	0	1	1
1629805199.687773	4C:ED:FB:2C:92:3D	0	0	0	0	10	10	0	10	10	0	4	0	4	4
1629805200.687773	4C:ED:FB:2C:92:3D	0	0	0	0	3	3	0	3	3	0	2	0	1	2
1629805201.687773	4C:ED:FB:2C:92:3D	0	0	0	0	1	1	0	1	1	0	1	0	1	1
1629805202.687773	4C:ED:FB:2C:92:3D	0	0	0	0	1	1	0	1	1	0	1	0	1	1
1629805203.687773	4C:ED:FB:2C:92:3D	0	0	0	0	2	2	0	2	2	0	1	0	1	2
1629805204.687773	4C:ED:FB:2C:92:3D	0	0	0	0	2	2	0	2	2	0	1	0	1	2
1629805205.687773	4C:ED:FB:2C:92:3D	0	0	0	0	1	1	0	1	1	0	1	0	1	1
1629805207.687773	4C:ED:FB:2C:92:3D	0	0	0	0	2	2	0	2	2	0	1	0	1	2
1629805208.687773	4C:ED:FB:2C:92:3D	0	0	0	0	2	2	0	2	2	0	2	0	2	2
1629805209.687773	4C:ED:FB:2C:92:3D	0	0	0	0	1	1	0	1	1	0	1	0	1	1
1629805210.687773	4C:ED:FB:2C:92:3D	0	0	0	0	2	2	0	2	2	0	2	0	2	2
1629805211.687773	4C:ED:FB:2C:92:3D	0	0	0	0	1	1	0	1	1	0	1	0	1	1
1629805212.687773	4C:ED:FB:2C:92:3D	0	0	0	0	2	2	0	2	2	0	1	0	1	2
1629805214.687773	4C:ED:FB:2C:92:3D	0	0	0	0	1	1	0	1	1	0	1	0	1	1
1629805216.687773	4C:ED:FB:2C:92:3D	0	0	0	0	2	2	0	2	2	0	1	0	1	2
1629805220.687773	4C:ED:FB:2C:92:3D	0	0	0	0	2	2	0	2	2	0	2	0	2	2
1629805221.687773	4C:ED:FB:2C:92:3D	0	0	0	0	3	3	0	3	3	0	2	0	2	2
1629805222.687773	4C:ED:FB:2C:92:3D	0	0	0	0	3	3	0	3	3	0	3	0	2	2
1629805223.687773	4C:ED:FB:2C:92:3D	0	0	0	0	1	1	0	1	1	0	1	0	1	1
1629805224.687773	4C:ED:FB:2C:92:3D	0	0	0	0	4	4	0	4	4	0	3	0	2	3
1629805226.687773	4C:ED:FB:2C:92:3D	0	0	0	0	3	3	0	3	3	0	2	0	2	3
1629805228.687773	4C:ED:FB:2C:92:3D	0	0	0	0	3	3	0	3	3	0	2	0	2	3
1629805229.687773	4C:ED:FB:2C:92:3D	0	0	0	0	1	1	0	1	1	0	1	0	1	1
1629805230.687773	4C:ED:FB:2C:92:3D	0	0	0	0	4	4	0	4	4	0	3	0	3	3
1629805231.687773	4C:ED:FB:2C:92:3D	0	0	0	0	4	4	0	4	4	0	2	0	2	1
1629805232.687773	4C:ED:FB:2C:92:3D	0	0	0	0	2	2	0	2	2	0	2	0	2	1
1629805234.687773	4C:ED:FB:2C:92:3D	0	0	0	0	1	1	0	1	1	0	1	0	1	1
1629805235.687773	4C:ED:FB:2C:92:3D	0	0	0	0	1	1	0	1	1	0	1	0	1	1
1629805236.687773	4C:ED:FB:2C:92:3D	0	0	0	0	1	1	0	1	1	0	1	0	1	1
1629805269.687773	4C:ED:FB:2C:92:3D	0	0	0	0	1	1	0	1	1	0	1	0	1	1
1629805270.687773	4C:ED:FB:2C:92:3D	0	0	0	0	1	1	0	1	1	0	1	0	1	1
1629805271.687773	4C:ED:FB:2C:92:3D	0	0	0	0	1	1	0	1	1	0	1	0	1	1
1629805273.687773	4C:ED:FB:2C:92:3D	0	0	0	0	2	2	0	2	2	0	1	0	1	2
1629805277.687773	4C:ED:FB:2C:92:3D	0	0	0	0	2	2	0	2	2	0	1	0	1	2
1629805281.687773	4C:ED:FB:2C:92:3D	0	0	0	0	1	1	0	1	1	0	1	0	1	1
1629805282.687773	4C:ED:FB:2C:92:3D	0	0	0	0	1	1	0	1	1	0	1	0	1	1
1629805283.687773	4C:ED:FB:2C:92:3D	0	0	0	0	1	1	0	1	1	0	1	0	1	1
1629805285.687773	4C:ED:FB:2C:92:3D	0	0	0	0	2	2	0	2	2	0	1	0	1	2
1629805289.687773	4C:ED:FB:2C:92:3D	0	0	0	0	2	2	0	2	2	0	1	0	1	2
1629805293.687773	4C:ED:FB:2C:92:3D	0	0	0	0	1	1	0	1	1	0	1	0	1	1
1629805294.687773	4C:ED:FB:2C:92:3D	0	0	0	0	1	1	0	1	1	0	1	0	1	1
1629805295.687773	4C:ED:FB:2C:92:3D	0	0	0	0	1	1	0	1	1	0	1	0	1	1
1629805297.687773	4C:ED:FB:2C:92:3D	0	0	0	0	2	2	0	2	2	0	1	0	1	2
1629805301.687773	4C:ED:FB:2C:92:3D	0	0	0	0	2	2	0	2	2	0	1	0	1	2
1629805311.687773	4C:ED:FB:2C:92:3D	0	0	0	0	1	1	0	1	1	0	1	0	1	1
1629805312.687773	4C:ED:FB:2C:92:3D	0	0	0	0	1	1	0	1	1	0	1	0	1	1
1629805313.687773	4C:ED:FB:2C:92:3D	0	0	0	0	2	2	0	2	2	0	1	0	1	1
1629805314.687773	4C:ED:FB:2C:92:3D	0	0	0	0	3	3	0	3	3	0	1	0	1	1
1629805315.687773	4C:ED:FB:2C:92:3D	0	0	0	0	1	1	0	1	1	0	1	0	1	1
1629805316.687773	4C:ED:FB:2C:92:3D	0	0	0	0	2	2	0	2	2	0	1	0	1	1
1629805317.687773	4C:ED:FB:2C:92:3D	0	0	0	0	3	3	0	3	3	0	1	0	1	1
1629805318.687773	4C:ED:FB:2C:92:3D	0	0	0	0	1	1	0	1	1	0	1	0	1	1
1629805319.687773	4C:ED:FB:2C:92:3D	0	0	0	0	2	2	0	2	2	0	1	0	1	1
1629805320.687773	4C:ED:FB:2C:92:3D	0	0	0	0	2	2	0	2	2	0	1	0	1	1
1629805349.687773	4C:ED:FB:2C:92:3D	0	0	0	0	1	1	0	1	1	0	1	0	1	1
1629805350.687773	4C:ED:FB:2C:92:3D	0	0	0	0	1	1	0	1	1	0	1	0	1	1
1629805351.687773	4C:ED:FB:2C:92:3D	0	0	0	0	1	1	0	1	1	0	1	0	1	1
1629805352.687773	4C:ED:FB:2C:92:3D	0	0	0	0	1	1	0	1	1	0	1	0	1	1
1629805132.687773	E4:5F:01:05:93:CB	2	2	4	0	0	0	2	2	4	1	0	2	0	1
1629805354.687773	E4:5F:01:05:93:CB	22	46	68	0	0	0	22	46	68	1	0	2	0	1
1629805354.687773	4C:ED:FB:2C:92:3D	46	22	68	0	0	0	46	22	68	2	0	1	0	1
1629805355.687773	E4:5F:01:05:93:CB	2	2	4	0	0	0	2	2	4	1	0	2	0	1
1629805355.687773	4C:ED:FB:2C:92:3D	2	2	4	0	0	0	2	2	4	2	0	1	0	1
1629805356.687773	E4:5F:01:05:93:CB	2	2	4	0	0	0	2	2	4	1	0	2	0	1
1629805356.687773	4C:ED:FB:2C:92:3D	2	2	4	0	0	0	2	2	4	2	0	1	0	1
1629805358.687773	E4:5F:01:05:93:CB	2	2	4	0	0	0	2	2	4	1	0	2	0	1
1629805358.687773	4C:ED:FB:2C:92:3D	2	2	4	0	0	0	2	2	4	2	0	1	0	1
1629805359.687773	E4:5F:01:05:93:CB	2	2	4	0	0	0	2	2	4	1	0	2	0	1
1629805359.687773	4C:ED:FB:2C:92:3D	2	2	4	0	0	0	2	2	4	2	0	1	0	1
1629805360.687773	E4:5F:01:05:93:CB	2	2	4	0	0	0	2	2	4	1	0	2	0	1
1629805360.687773	4C:ED:FB:2C:92:3D	2	2	4	0	0	0	2	2	4	2	0	1	0	1
1629805361.687773	E4:5F:01:05:93:CB	2	2	4	0	0	0	2	2	4	1	0	2	0	1
1629805361.687773	4C:ED:FB:2C:92:3D	2	2	4	0	1	1	2	3	5	2	1	1	1	2
1629805362.687773	E4:5F:01:05:93:CB	2	2	4	0	0	0	2	2	4	1	0	2	0	1
1629805362.687773	4C:ED:FB:2C:92:3D	2	2	4	0	1	1	2	3	5	2	1	1	1	2
1629805363.687773	E4:5F:01:05:93:CB	2	2	4	0	0	0	2	2	4	1	0	2	0	1
1629805363.687773	4C:ED:FB:2C:92:3D	2	2	4	0	1	1	2	3	5	2	1	1	1	2
1629805364.687773	4C:ED:FB:2C:92:3D	2	2	4	0	0	0	2	2	4	2	0	1	0	1
1629805364.687773	E4:5F:01:05:93:CB	2	2	4	0	0	0	2	2	4	1	0	2	0	1
1629805365.687773	4C:ED:FB:2C:92:3D	2	2	4	0	3	3	2	5	7	2	2	1	1	3
1629805365.687773	E4:5F:01:05:93:CB	2	2	4	0	0	0	2	2	4	1	0	2	0	1
1629805366.687773	4C:ED:FB:2C:92:3D	2	2	4	0	1	1	2	3	5	2	1	1	1	2
1629805366.687773	E4:5F:01:05:93:CB	2	2	4	0	0	0	2	2	4	1	0	2	0	1
1629805367.687773	E4:5F:01:05:93:CB	2	2	4	0	0	0	2	2	4	1	0	2	0	1
1629805367.687773	4C:ED:FB:2C:92:3D	2	2	4	0	1	1	2	3	5	2	1	1	1	2
1629805368.687773	4C:ED:FB:2C:92:3D	2	2	4	0	0	0	2	2	4	2	0	1	0	1
1629805368.687773	E4:5F:01:05:93:CB	2	2	4	0	0	0	2	2	4	1	0	2	0	1
1629805369.687773	E4:5F:01:05:93:CB	2	2	4	0	0	0	2	2	4	1	0	2	0	1
1629805369.687773	4C:ED:FB:2C:92:3D	2	2	4	0	4	4	2	6	8	2	2	1	1	3
1629805370.687773	E4:5F:01:05:93:CB	2	2	4	0	0	0	2	2	4	1	0	2	0	1
1629805370.687773	4C:ED:FB:2C:92:3D	2	2	4	0	0	0	2	2	4	2	0	1	0	1
1629805371.687773	E4:5F:01:05:93:CB	2	2	4	0	0	0	2	2	4	1	0	2	0	1
1629805371.687773	4C:ED:FB:2C:92:3D	2	2	4	0	0	0	2	2	4	2	0	1	0	1
1629805372.687773	4C:ED:FB:2C:92:3D	2	2	4	0	0	0	2	2	4	2	0	1	0	1
1629805372.687773	E4:5F:01:05:93:CB	2	2	4	0	0	0	2	2	4	1	0	2	0	1
1629805373.687773	E4:5F:01:05:93:CB	2	2	4	0	0	0	2	2	4	1	0	2	0	1
1629805373.687773	4C:ED:FB:2C:92:3D	2	2	4	0	2	2	2	4	6	2	1	1	1	3
1629805374.687773	4C:ED:FB:2C:92:3D	6	4	10	0	2	2	6	6	12	2	1	1	1	3
1629805375.687773	4C:ED:FB:2C:92:3D	0	0	0	0	1	1	0	1	1	0	1	0	1	1
1629805377.687773	4C:ED:FB:2C:92:3D	0	0	0	0	2	2	0	2	2	0	1	0	1	2
1629805381.687773	4C:ED:FB:2C:92:3D	0	0	0	0	2	2	0	2	2	0	1	0	1	2
1629805385.687773	4C:ED:FB:2C:92:3D	0	0	0	0	2	2	0	2	2	0	1	0	1	2
1629805387.687773	4C:ED:FB:2C:92:3D	0	0	0	0	1	1	0	1	1	0	1	0	1	1
1629805389.687773	4C:ED:FB:2C:92:3D	0	0	0	0	2	2	0	2	2	0	1	0	1	2
1629805393.687773	4C:ED:FB:2C:92:3D	0	0	0	0	4	4	0	4	4	0	2	0	1	2
1629805394.687773	4C:ED:FB:2C:92:3D	0	0	0	0	1	1	0	1	1	0	1	0	1	1
1629805396.687773	4C:ED:FB:2C:92:3D	0	0	0	0	2	2	0	2	2	0	1	0	1	2
1629805400.687773	4C:ED:FB:2C:92:3D	0	0	0	0	2	2	0	2	2	0	1	0	1	2
1629805374.687773	E4:5F:01:05:93:CB	4	6	10	0	0	0	4	6	10	1	0	2	0	1
1629805406.687773	E4:5F:01:05:93:CB	14	12	26	0	0	0	14	12	26	1	0	4	0	1
1629805406.687773	4C:ED:FB:2C:92:3D	12	14	26	0	0	0	12	14	26	4	0	1	0	1
1629805407.687773	E4:5F:01:05:93:CB	2	2	4	0	0	0	2	2	4	1	0	2	0	1
1629805407.687773	4C:ED:FB:2C:92:3D	2	2	4	0	2	2	2	4	6	2	1	1	1	3
1629805408.687773	E4:5F:01:05:93:CB	2	2	4	0	0	0	2	2	4	1	0	2	0	1
1629805408.687773	4C:ED:FB:2C:92:3D	2	2	4	0	1	1	2	3	5	2	1	1	1	2
1629805409.687773	E4:5F:01:05:93:CB	2	2	4	0	0	0	2	2	4	1	0	2	0	1
1629805409.687773	4C:ED:FB:2C:92:3D	2	2	4	0	1	1	2	3	5	2	1	1	1	2
1629805410.687773	4C:ED:FB:2C:92:3D	2	2	4	0	3	3	2	5	7	2	2	1	2	4
1629805410.687773	E4:5F:01:05:93:CB	2	2	4	0	0	0	2	2	4	1	0	2	0	1
1629805411.687773	E4:5F:01:05:93:CB	2	2	4	0	0	0	2	2	4	1	0	2	0	1
1629805411.687773	4C:ED:FB:2C:92:3D	2	2	4	0	1	1	2	3	5	2	1	1	1	2
1629805412.687773	E4:5F:01:05:93:CB	2	2	4	0	0	0	2	2	4	1	0	2	0	1
1629805412.687773	4C:ED:FB:2C:92:3D	2	2	4	0	0	0	2	2	4	2	0	1	0	1
1629805413.687773	E4:5F:01:05:93:CB	2	2	4	0	0	0	2	2	4	1	0	2	0	1
1629805413.687773	4C:ED:FB:2C:92:3D	2	2	4	0	0	0	2	2	4	2	0	1	0	1
1629805414.687773	E4:5F:01:05:93:CB	2	2	4	0	0	0	2	2	4	1	0	2	0	1
1629805414.687773	4C:ED:FB:2C:92:3D	2	2	4	0	2	2	2	4	6	2	1	1	1	3
1629805415.687773	E4:5F:01:05:93:CB	2	2	4	0	0	0	2	2	4	1	0	2	0	1
1629805415.687773	4C:ED:FB:2C:92:3D	2	2	4	0	0	0	2	2	4	2	0	1	0	1
1629805416.687773	E4:5F:01:05:93:CB	2	2	4	0	0	0	2	2	4	1	0	2	0	1
1629805416.687773	4C:ED:FB:2C:92:3D	2	2	4	0	0	0	2	2	4	2	0	1	0	1
1629805417.687773	E4:5F:01:05:93:CB	2	2	4	0	0	0	2	2	4	1	0	2	0	1
1629805417.687773	4C:ED:FB:2C:92:3D	2	2	4	0	0	0	2	2	4	2	0	1	0	1
1629805418.687773	E4:5F:01:05:93:CB	2	2	4	0	0	0	2	2	4	1	0	2	0	1
1629805418.687773	4C:ED:FB:2C:92:3D	2	2	4	0	2	2	2	4	6	2	1	1	1	3
1629805419.687773	E4:5F:01:05:93:CB	2	2	4	0	0	0	2	2	4	1	0	2	0	1
1629805419.687773	4C:ED:FB:2C:92:3D	2	2	4	0	1	1	2	3	5	2	1	1	1	2
1629805420.687773	4C:ED:FB:2C:92:3D	2	2	4	0	0	0	2	2	4	2	0	1	0	1
1629805420.687773	E4:5F:01:05:93:CB	2	2	4	0	0	0	2	2	4	1	0	2	0	1
1629805421.687773	4C:ED:FB:2C:92:3D	2	2	4	0	4	4	2	6	8	2	2	1	1	3
1629805421.687773	E4:5F:01:05:93:CB	2	2	4	0	0	0	2	2	4	1	0	2	0	1
1629805422.687773	E4:5F:01:05:93:CB	2	2	4	0	0	0	2	2	4	1	0	2	0	1
1629805422.687773	4C:ED:FB:2C:92:3D	2	2	4	0	1	1	2	3	5	2	1	1	1	2
1629805423.687773	4C:ED:FB:2C:92:3D	2	2	4	0	0	0	2	2	4	2	0	1	0	1
1629805423.687773	E4:5F:01:05:93:CB	2	2	4	0	0	0	2	2	4	1	0	2	0	1
1629805424.687773	4C:ED:FB:2C:92:3D	2	2	4	0	2	2	2	4	6	2	1	1	1	3
1629805424.687773	E4:5F:01:05:93:CB	2	2	4	0	0	0	2	2	4	1	0	2	0	1
1629805425.687773	E4:5F:01:05:93:CB	1	1	2	0	0	0	1	1	2	1	0	1	0	1
1629805425.687773	4C:ED:FB:2C:92:3D	1	1	2	0	2	2	1	3	4	1	1	1	1	3
1629805426.687773	E4:5F:01:05:93:CB	3	4	7	0	0	0	3	4	7	1	0	2	0	1
1629805426.687773	4C:ED:FB:2C:92:3D	4	3	7	0	0	0	4	3	7	2	0	1	0	1
1629805428.687773	E4:5F:01:05:93:CB	1	1	2	0	0	0	1	1	2	1	0	1	0	1
1629805428.687773	4C:ED:FB:2C:92:3D	1	1	2	0	2	2	1	3	4	1	1	1	1	3
1629805429.687773	E4:5F:01:05:93:CB	1	1	2	0	0	0	1	1	2	1	0	1	0	1
1629805429.687773	4C:ED:FB:2C:92:3D	1	1	2	0	0	0	1	1	2	1	0	1	0	1
1629805430.687773	E4:5F:01:05:93:CB	1	1	2	0	0	0	1	1	2	1	0	1	0	1
1629805430.687773	4C:ED:FB:2C:92:3D	1	1	2	0	0	0	1	1	2	1	0	1	0	1
1629805431.687773	E4:5F:01:05:93:CB	1	1	2	0	0	0	1	1	2	1	0	1	0	1
1629805431.687773	4C:ED:FB:2C:92:3D	1	1	2	0	0	0	1	1	2	1	0	1	0	1
1629805432.687773	E4:5F:01:05:93:CB	1	1	2	0	0	0	1	1	2	1	0	1	0	1
1629805432.687773	4C:ED:FB:2C:92:3D	1	1	2	0	0	0	1	1	2	1	0	1	0	1
1629805433.687773	E4:5F:01:05:93:CB	1	1	2	0	0	0	1	1	2	1	0	1	0	1
1629805433.687773	4C:ED:FB:2C:92:3D	1	1	2	0	0	0	1	1	2	1	0	1	0	1
1629805434.687773	E4:5F:01:05:93:CB	1	1	2	0	0	0	1	1	2	1	0	1	0	1
1629805434.687773	4C:ED:FB:2C:92:3D	1	1	2	0	0	0	1	1	2	1	0	1	0	1
1629805435.687773	E4:5F:01:05:93:CB	1	1	2	0	0	0	1	1	2	1	0	1	0	1
1629805435.687773	4C:ED:FB:2C:92:3D	1	1	2	0	0	0	1	1	2	1	0	1	0	1
1629805436.687773	4C:ED:FB:2C:92:3D	1	1	2	0	0	0	1	1	2	1	0	1	0	1
1629805436.687773	E4:5F:01:05:93:CB	1	1	2	0	0	0	1	1	2	1	0	1	0	1
1629805468.687773	4C:ED:FB:2C:92:3D	13	15	28	0	0	0	13	15	28	4	0	1	0	1
1629805468.687773	E4:5F:01:05:93:CB	15	13	28	0	0	0	15	13	28	1	0	4	0	1
1629805469.687773	4C:ED:FB:2C:92:3D	2	2	4	0	1	1	2	3	5	2	1	1	1	2
1629805469.687773	E4:5F:01:05:93:CB	2	2	4	0	0	0	2	2	4	1	0	2	0	1
1629805470.687773	4C:ED:FB:2C:92:3D	2	2	4	0	1	1	2	3	5	2	1	1	1	2
1629805470.687773	E4:5F:01:05:93:CB	2	2	4	0	0	0	2	2	4	1	0	2	0	1
1629805471.687773	4C:ED:FB:2C:92:3D	0	0	0	0	1	1	0	1	1	0	1	0	1	1
1629805472.687773	E4:5F:01:05:93:CB	2	2	4	0	0	0	2	2	4	1	0	2	0	1
1629805472.687773	4C:ED:FB:2C:92:3D	2	2	4	0	1	1	2	3	5	2	1	1	1	2
1629805473.687773	E4:5F:01:05:93:CB	2	2	4	0	0	0	2	2	4	1	0	2	0	1
1629805473.687773	4C:ED:FB:2C:92:3D	2	2	4	0	0	0	2	2	4	2	0	1	0	1
1629805474.687773	E4:5F:01:05:93:CB	2	2	4	0	0	0	2	2	4	1	0	2	0	1
1629805474.687773	4C:ED:FB:2C:92:3D	2	2	4	0	0	0	2	2	4	2	0	1	0	1
1629805475.687773	E4:5F:01:05:93:CB	2	2	4	0	0	0	2	2	4	1	0	2	0	1
1629805475.687773	4C:ED:FB:2C:92:3D	2	2	4	0	0	0	2	2	4	2	0	1	0	1
1629805476.687773	E4:5F:01:05:93:CB	2	2	4	0	0	0	2	2	4	1	0	2	0	1
1629805476.687773	4C:ED:FB:2C:92:3D	2	2	4	0	0	0	2	2	4	2	0	1	0	1
1629805477.687773	E4:5F:01:05:93:CB	2	2	4	0	0	0	2	2	4	1	0	2	0	1
1629805477.687773	4C:ED:FB:2C:92:3D	2	2	4	0	0	0	2	2	4	2	0	1	0	1
1629805478.687773	E4:5F:01:05:93:CB	2	2	4	0	0	0	2	2	4	1	0	2	0	1
1629805478.687773	4C:ED:FB:2C:92:3D	2	2	4	0	0	0	2	2	4	2	0	1	0	1
1629805479.687773	E4:5F:01:05:93:CB	2	2	4	0	0	0	2	2	4	1	0	2	0	1
1629805479.687773	4C:ED:FB:2C:92:3D	2	2	4	0	0	0	2	2	4	2	0	1	0	1
1629805480.687773	E4:5F:01:05:93:CB	2	2	4	0	0	0	2	2	4	1	0	2	0	1
1629805480.687773	4C:ED:FB:2C:92:3D	2	2	4	0	2	2	2	4	6	2	1	1	1	3
1629805481.687773	E4:5F:01:05:93:CB	2	2	4	0	0	0	2	2	4	1	0	2	0	1
1629805481.687773	4C:ED:FB:2C:92:3D	2	2	4	0	1	1	2	3	5	2	1	1	1	2
1629805482.687773	E4:5F:01:05:93:CB	2	2	4	0	0	0	2	2	4	1	0	2	0	1
1629805482.687773	4C:ED:FB:2C:92:3D	2	2	4	0	0	0	2	2	4	2	0	1	0	1
1629805483.687773	E4:5F:01:05:93:CB	2	2	4	0	0	0	2	2	4	1	0	2	0	1
1629805483.687773	4C:ED:FB:2C:92:3D	2	2	4	0	2	2	2	4	6	2	1	1	1	3
1629805484.687773	E4:5F:01:05:93:CB	2	2	4	0	0	0	2	2	4	1	0	2	0	1
1629805484.687773	4C:ED:FB:2C:92:3D	2	2	4	0	0	0	2	2	4	2	0	1	0	1
1629805485.687773	E4:5F:01:05:93:CB	2	2	4	0	0	0	2	2	4	1	0	2	0	1
1629805485.687773	4C:ED:FB:2C:92:3D	2	2	4	0	0	0	2	2	4	2	0	1	0	1
1629805486.687773	E4:5F:01:05:93:CB	2	2	4	0	0	0	2	2	4	1	0	2	0	1
1629805486.687773	4C:ED:FB:2C:92:3D	2	2	4	0	0	0	2	2	4	2	0	1	0	1
1629805487.687773	E4:5F:01:05:93:CB	2	2	4	0	0	0	2	2	4	1	0	2	0	1
1629805487.687773	4C:ED:FB:2C:92:3D	2	2	4	0	2	2	2	4	6	2	1	1	1	3
1629805488.687773	4C:ED:FB:2C:92:3D	6	4	10	0	0	0	6	4	10	2	0	1	0	1
1629805488.687773	E4:5F:01:05:93:CB	4	6	10	0	0	0	4	6	10	1	0	2	0	1
1629805533.687773	4C:ED:FB:2C:92:3D	2	2	4	0	0	0	2	2	4	2	0	1	0	1
1629805557.687773	4C:ED:FB:2C:92:3D	0	0	0	0	2	2	0	2	2	0	1	0	1	1
1629805558.687773	4C:ED:FB:2C:92:3D	0	0	0	0	2	2	0	2	2	0	1	0	1	1
1629805560.687773	4C:ED:FB:2C:92:3D	0	0	0	0	2	2	0	2	2	0	1	0	1	1
1629805564.687773	4C:ED:FB:2C:92:3D	0	0	0	0	2	2	0	2	2	0	1	0	1	1
1629805572.687773	4C:ED:FB:2C:92:3D	0	0	0	0	1	1	0	1	1	0	1	0	1	1
1629805573.687773	4C:ED:FB:2C:92:3D	0	0	0	0	1	1	0	1	1	0	1	0	1	1
1629805575.687773	4C:ED:FB:2C:92:3D	0	0	0	0	1	1	0	1	1	0	1	0	1	1
1629805579.687773	4C:ED:FB:2C:92:3D	0	0	0	0	1	1	0	1	1	0	1	0	1	1
1629805587.687773	4C:ED:FB:2C:92:3D	0	0	0	0	1	1	0	1	1	0	1	0	1	1
1629805589.687773	4C:ED:FB:2C:92:3D	0	0	0	0	1	1	0	1	1	0	1	0	1	1
1629805590.687773	4C:ED:FB:2C:92:3D	0	0	0	0	1	1	0	1	1	0	1	0	1	1
1629805591.687773	4C:ED:FB:2C:92:3D	0	0	0	0	1	1	0	1	1	0	1	0	1	1
1629805592.687773	4C:ED:FB:2C:92:3D	0	0	0	0	1	1	0	1	1	0	1	0	1	1
1629805601.687773	4C:ED:FB:2C:92:3D	0	0	0	0	2	2	0	2	2	0	1	0	1	2
1629805602.687773	4C:ED:FB:2C:92:3D	0	0	0	0	1	1	0	1	1	0	1	0	1	1
1629805604.687773	4C:ED:FB:2C:92:3D	0	0	0	0	2	2	0	2	2	0	1	0	1	2
1629805608.687773	4C:ED:FB:2C:92:3D	0	0	0	0	2	2	0	2	2	0	1	0	1	2
1629805612.687773	4C:ED:FB:2C:92:3D	0	0	0	0	2	2	0	2	2	0	1	0	1	2
1629805613.687773	4C:ED:FB:2C:92:3D	0	0	0	0	1	1	0	1	1	0	1	0	1	1
1629805615.687773	4C:ED:FB:2C:92:3D	0	0	0	0	2	2	0	2	2	0	1	0	1	2
1629805619.687773	4C:ED:FB:2C:92:3D	0	0	0	0	2	2	0	2	2	0	1	0	1	2
1629805623.687773	4C:ED:FB:2C:92:3D	0	0	0	0	2	2	0	2	2	0	1	0	1	2
1629805624.687773	4C:ED:FB:2C:92:3D	0	0	0	0	1	1	0	1	1	0	1	0	1	1
1629805626.687773	4C:ED:FB:2C:92:3D	0	0	0	0	2	2	0	2	2	0	1	0	1	2
1629805630.687773	4C:ED:FB:2C:92:3D	0	0	0	0	2	2	0	2	2	0	1	0	1	2
1629805709.687773	4C:ED:FB:2C:92:3D	0	0	0	0	1	1	0	1	1	0	1	0	1	1
1629805710.687773	4C:ED:FB:2C:92:3D	0	0	0	0	1	1	0	1	1	0	1	0	1	1
1629805711.687773	4C:ED:FB:2C:92:3D	0	0	0	0	1	1	0	1	1	0	1	0	1	1
1629805712.687773	4C:ED:FB:2C:92:3D	0	0	0	0	1	1	0	1	1	0	1	0	1	1
1629805755.687773	4C:ED:FB:2C:92:3D	0	0	0	0	1	1	0	1	1	0	1	0	1	1
1629805756.687773	4C:ED:FB:2C:92:3D	0	0	0	0	1	1	0	1	1	0	1	0	1	1
1629805757.687773	4C:ED:FB:2C:92:3D	0	0	0	0	2	2	0	2	2	0	1	0	1	1
1629805758.687773	4C:ED:FB:2C:92:3D	0	0	0	0	3	3	0	3	3	0	1	0	1	1
1629805759.687773	4C:ED:FB:2C:92:3D	0	0	0	0	1	1	0	1	1	0	1	0	1	1
1629805760.687773	4C:ED:FB:2C:92:3D	0	0	0	0	2	2	0	2	2	0	1	0	1	1
1629805761.687773	4C:ED:FB:2C:92:3D	0	0	0	0	3	3	0	3	3	0	1	0	1	1
1629805762.687773	4C:ED:FB:2C:92:3D	0	0	0	0	1	1	0	1	1	0	1	0	1	1
1629805763.687773	4C:ED:FB:2C:92:3D	0	0	0	0	2	2	0	2	2	0	1	0	1	1
1629805764.687773	4C:ED:FB:2C:92:3D	0	0	0	0	2	2	0	2	2	0	1	0	1	1
1629805829.687773	4C:ED:FB:2C:92:3D	0	0	0	0	1	1	0	1	1	0	1	0	1	1
1629805830.687773	4C:ED:FB:2C:92:3D	0	0	0	0	1	1	0	1	1	0	1	0	1	1
1629805831.687773	4C:ED:FB:2C:92:3D	0	0	0	0	1	1	0	1	1	0	1	0	1	1
1629805832.687773	4C:ED:FB:2C:92:3D	0	0	0	0	1	1	0	1	1	0	1	0	1	1
1629805840.687773	4C:ED:FB:2C:92:3D	0	0	0	0	1	1	0	1	1	0	1	0	1	1
1629805841.687773	4C:ED:FB:2C:92:3D	0	0	0	0	5	5	0	5	5	0	2	0	2	3
1629805842.687773	4C:ED:FB:2C:92:3D	0	0	0	0	2	2	0	2	2	0	2	0	2	2
1629805844.687773	4C:ED:FB:2C:92:3D	0	0	0	0	3	3	0	3	3	0	2	0	2	3
1629805846.687773	4C:ED:FB:2C:92:3D	0	0	0	0	1	1	0	1	1	0	1	0	1	1
1629805848.687773	4C:ED:FB:2C:92:3D	0	0	0	0	2	2	0	2	2	0	1	0	1	2
1629805850.687773	4C:ED:FB:2C:92:3D	0	0	0	0	1	1	0	1	1	0	1	0	1	1
1629805851.687773	4C:ED:FB:2C:92:3D	0	0	0	0	2	2	0	2	2	0	1	0	1	1
1629805852.687773	4C:ED:FB:2C:92:3D	0	0	0	0	1	1	0	1	1	0	1	0	1	1
1629805854.687773	4C:ED:FB:2C:92:3D	0	0	0	0	1	1	0	1	1	0	1	0	1	1
1629805856.687773	4C:ED:FB:2C:92:3D	0	0	0	0	1	1	0	1	1	0	1	0	1	1
1629805858.687773	4C:ED:FB:2C:92:3D	0	0	0	0	1	1	0	1	1	0	1	0	1	1
1629805930.687773	4C:ED:FB:2C:92:3D	0	0	0	0	1	1	0	1	1	0	1	0	1	1
1629805949.687773	4C:ED:FB:2C:92:3D	0	0	0	0	1	1	0	1	1	0	1	0	1	1
1629805950.687773	4C:ED:FB:2C:92:3D	0	0	0	0	1	1	0	1	1	0	1	0	1	1
1629805951.687773	4C:ED:FB:2C:92:3D	0	0	0	0	1	1	0	1	1	0	1	0	1	1
1629805952.687773	4C:ED:FB:2C:92:3D	0	0	0	0	1	1	0	1	1	0	1	0	1	1
1629805965.687773	4C:ED:FB:2C:92:3D	0	0	0	0	1	1	0	1	1	0	1	0	1	1
1629806069.687773	4C:ED:FB:2C:92:3D	0	0	0	0	1	1	0	1	1	0	1	0	1	1
1629806070.687773	4C:ED:FB:2C:92:3D	0	0	0	0	1	1	0	1	1	0	1	0	1	1
1629806071.687773	4C:ED:FB:2C:92:3D	0	0	0	0	1	1	0	1	1	0	1	0	1	1
1629806072.687773	4C:ED:FB:2C:92:3D	0	0	0	0	1	1	0	1	1	0	1	0	1	1
1629806081.687773	4C:ED:FB:2C:92:3D	0	0	0	0	2	2	0	2	2	0	1	0	1	2
1629806082.687773	4C:ED:FB:2C:92:3D	0	0	0	0	1	1	0	1	1	0	1	0	1	1
1629806084.687773	4C:ED:FB:2C:92:3D	0	0	0	0	2	2	0	2	2	0	1	0	1	2
1629806088.687773	4C:ED:FB:2C:92:3D	0	0	0	0	2	2	0	2	2	0	1	0	1	2
1629806092.687773	4C:ED:FB:2C:92:3D	0	1	1	0	2	2	0	3	3	1	1	1	1	3
1629806093.687773	4C:ED:FB:2C:92:3D	0	2	2	0	1	1	0	3	3	2	1	1	1	2
1629806094.687773	4C:ED:FB:2C:92:3D	0	1	1	0	0	0	0	1	1	1	0	1	0	1
1629806095.687773	4C:ED:FB:2C:92:3D	0	1	1	0	2	2	0	3	3	1	1	1	1	3
1629806096.687773	4C:ED:FB:2C:92:3D	0	1	1	0	0	0	0	1	1	1	0	1	0	1
1629806099.687773	4C:ED:FB:2C:92:3D	0	1	1	0	9	9	0	10	10	1	3	1	3	4
1629806100.687773	4C:ED:FB:2C:92:3D	0	1	1	0	0	0	0	1	1	1	0	1	0	1
1629806102.687773	4C:ED:FB:2C:92:3D	0	0	0	0	1	1	0	1	1	0	1	0	1	1
1629806105.687773	4C:ED:FB:2C:92:3D	0	0	0	0	1	1	0	1	1	0	1	0	1	1
1629806107.687773	4C:ED:FB:2C:92:3D	0	1	1	0	0	0	0	1	1	1	0	1	0	1
1629806108.687773	4C:ED:FB:2C:92:3D	0	1	1	0	1	1	0	2	2	1	1	1	1	2
1629806111.687773	4C:ED:FB:2C:92:3D	0	0	0	0	1	1	0	1	1	0	1	0	1	1
1629806114.687773	4C:ED:FB:2C:92:3D	0	0	0	0	1	1	0	1	1	0	1	0	1	1
1629806157.687773	4C:ED:FB:2C:92:3D	0	0	0	0	2	2	0	2	2	0	1	0	1	1
1629806158.687773	4C:ED:FB:2C:92:3D	0	0	0	0	2	2	0	2	2	0	1	0	1	1
1629806160.687773	4C:ED:FB:2C:92:3D	0	0	0	0	2	2	0	2	2	0	1	0	1	1
1629806164.687773	4C:ED:FB:2C:92:3D	0	0	0	0	2	2	0	2	2	0	1	0	1	1
1629806172.687773	4C:ED:FB:2C:92:3D	0	0	0	0	1	1	0	1	1	0	1	0	1	1
1629806173.687773	4C:ED:FB:2C:92:3D	0	0	0	0	1	1	0	1	1	0	1	0	1	1
1629806175.687773	4C:ED:FB:2C:92:3D	0	0	0	0	1	1	0	1	1	0	1	0	1	1
1629806179.687773	4C:ED:FB:2C:92:3D	0	0	0	0	1	1	0	1	1	0	1	0	1	1
1629806187.687773	4C:ED:FB:2C:92:3D	0	0	0	0	1	1	0	1	1	0	1	0	1	1
1629806189.687773	4C:ED:FB:2C:92:3D	0	0	0	0	1	1	0	1	1	0	1	0	1	1
1629806190.687773	4C:ED:FB:2C:92:3D	0	0	0	0	1	1	0	1	1	0	1	0	1	1
1629806191.687773	4C:ED:FB:2C:92:3D	0	0	0	0	1	1	0	1	1	0	1	0	1	1
1629806192.687773	4C:ED:FB:2C:92:3D	0	0	0	0	1	1	0	1	1	0	1	0	1	1
1629806199.687773	4C:ED:FB:2C:92:3D	0	0	0	0	1	1	0	1	1	0	1	0	1	1
1629806200.687773	4C:ED:FB:2C:92:3D	0	0	0	0	1	1	0	1	1	0	1	0	1	1
1629806201.687773	4C:ED:FB:2C:92:3D	0	0	0	0	2	2	0	2	2	0	1	0	1	1
1629806202.687773	4C:ED:FB:2C:92:3D	0	0	0	0	3	3	0	3	3	0	1	0	1	1
1629806203.687773	4C:ED:FB:2C:92:3D	0	0	0	0	1	1	0	1	1	0	1	0	1	1
1629806204.687773	4C:ED:FB:2C:92:3D	0	0	0	0	2	2	0	2	2	0	1	0	1	1
1629806205.687773	4C:ED:FB:2C:92:3D	0	0	0	0	3	3	0	3	3	0	1	0	1	1
1629806206.687773	4C:ED:FB:2C:92:3D	0	0	0	0	1	1	0	1	1	0	1	0	1	1
1629806207.687773	4C:ED:FB:2C:92:3D	0	0	0	0	2	2	0	2	2	0	1	0	1	1
1629806208.687773	4C:ED:FB:2C:92:3D	0	0	0	0	2	2	0	2	2	0	1	0	1	1
1629806229.687773	4C:ED:FB:2C:92:3D	0	0	0	0	2	2	0	2	2	0	1	0	1	2
1629806230.687773	4C:ED:FB:2C:92:3D	0	0	0	0	1	1	0	1	1	0	1	0	1	1
1629806232.687773	4C:ED:FB:2C:92:3D	0	0	0	0	2	2	0	2	2	0	1	0	1	2
1629806236.687773	4C:ED:FB:2C:92:3D	0	0	0	0	2	2	0	2	2	0	1	0	1	2
1629806240.687773	4C:ED:FB:2C:92:3D	0	0	0	0	2	2	0	2	2	0	1	0	1	2
1629806241.687773	4C:ED:FB:2C:92:3D	0	0	0	0	1	1	0	1	1	0	1	0	1	1
1629806243.687773	4C:ED:FB:2C:92:3D	0	0	0	0	2	2	0	2	2	0	1	0	1	2
1629806247.687773	4C:ED:FB:2C:92:3D	0	0	0	0	2	2	0	2	2	0	1	0	1	2
1629806251.687773	4C:ED:FB:2C:92:3D	0	0	0	0	2	2	0	2	2	0	1	0	1	2
1629806252.687773	4C:ED:FB:2C:92:3D	0	0	0	0	1	1	0	1	1	0	1	0	1	1
1629806254.687773	4C:ED:FB:2C:92:3D	0	0	0	0	2	2	0	2	2	0	1	0	1	2
1629806258.687773	4C:ED:FB:2C:92:3D	0	0	0	0	2	2	0	2	2	0	1	0	1	2
1629806309.687773	4C:ED:FB:2C:92:3D	0	0	0	0	1	1	0	1	1	0	1	0	1	1
1629806310.687773	4C:ED:FB:2C:92:3D	0	0	0	0	1	1	0	1	1	0	1	0	1	1
1629806311.687773	4C:ED:FB:2C:92:3D	0	0	0	0	1	1	0	1	1	0	1	0	1	1
1629806312.687773	4C:ED:FB:2C:92:3D	0	0	0	0	1	1	0	1	1	0	1	0	1	1
1629806321.687773	4C:ED:FB:2C:92:3D	0	0	0	0	2	2	0	2	2	0	1	0	1	2
1629806322.687773	4C:ED:FB:2C:92:3D	0	0	0	0	1	1	0	1	1	0	1	0	1	1
1629806324.687773	4C:ED:FB:2C:92:3D	0	0	0	0	2	2	0	2	2	0	1	0	1	2
1629806328.687773	4C:ED:FB:2C:92:3D	0	0	0	0	2	2	0	2	2	0	1	0	1	2
1629806364.687773	4C:ED:FB:2C:92:3D	0	0	0	0	2	2	0	2	2	0	1	0	1	2
1629806365.687773	4C:ED:FB:2C:92:3D	0	0	0	0	1	1	0	1	1	0	1	0	1	1
1629806367.687773	4C:ED:FB:2C:92:3D	0	0	0	0	2	2	0	2	2	0	1	0	1	2
1629806371.687773	4C:ED:FB:2C:92:3D	0	0	0	0	2	2	0	2	2	0	1	0	1	2
1629806423.687773	4C:ED:FB:2C:92:3D	0	0	0	0	2	2	0	2	2	0	1	0	1	2
1629806424.687773	4C:ED:FB:2C:92:3D	0	0	0	0	1	1	0	1	1	0	1	0	1	1
1629806426.687773	4C:ED:FB:2C:92:3D	0	0	0	0	2	2	0	2	2	0	1	0	1	2
1629806428.687773	4C:ED:FB:2C:92:3D	0	0	0	0	2	2	0	2	2	0	1	0	1	2
1629806429.687773	4C:ED:FB:2C:92:3D	0	0	0	0	2	2	0	2	2	0	2	0	2	2
1629806430.687773	4C:ED:FB:2C:92:3D	0	0	0	0	3	3	0	3	3	0	2	0	2	3
1629806431.687773	4C:ED:FB:2C:92:3D	0	0	0	0	3	3	0	3	3	0	2	0	2	3
1629806432.687773	4C:ED:FB:2C:92:3D	0	0	0	0	1	1	0	1	1	0	1	0	1	1
